38.6268500000000
12.1817700000000
12.5321100000000
17.2568200000000
14.5646600000000
43.6554900000000
65.5387300000000
36.8487400000000
36.7314800000000
35.8464500000000
35.7462600000000
35.7495600000000
58.7975500000000
28.5669000000000
30.3594100000000
17.1965000000000
17.3413900000000
40.3524600000000
32.2661100000000
54.5440400000000
44.7378700000000
24.6870700000000
52.8578200000000
60.6384200000000
35.6616200000000
87.7202700000000
32.2991700000000
54.7932000000000
29.0987600000000
5.82221000000000
53.3594500000000
56.7670600000000
24.1442500000000
46.8156400000000
46.9136800000000
63.8305200000000
76.6251600000000
53.4888100000000
26.7950800000000
27.6082800000000
85.6770200000000
29.2391800000000
123.913920000000
17.1424000000000
8.90656000000000
56.7187400000000
51.9886000000000
23.5399400000000
38.9525700000000
57.9436600000000
78.1942100000000
84.5194400000000
63.5147900000000
43.0150100000000
53.7378400000000
53.9419000000000
99.6184300000000
37.8447900000000
37.7399500000000
101.202150000000
23.1500300000000
26.9248100000000
85.8589200000000
48.6710200000000
64.5824600000000
44.3679200000000
61.4946800000000
30.9112400000000
24.8233800000000
68.4081900000000
23.8329500000000
63.2612800000000
103.274120000000
35.6457400000000
60.9991300000000
35.0469400000000
34.0542300000000
228.688590000000
24.2546000000000
42.6456400000000
54.0914000000000
86.0672100000000
102.204120000000
40.3690300000000
40.3526300000000
58.6074600000000
6.96313000000000
50.2272400000000
40.4776400000000
45.3610300000000
245.038290000000
49.5693100000000
59.9519300000000
85.7935600000000
64.4344400000000
48.4590100000000
29.0624600000000
53.3088200000000
41.3740200000000
74.9360800000000
155.343940000000
125.768200000000
24.2607500000000
46.0855700000000
129.869210000000
61.4623100000000
23.3647900000000
53.1512500000000
54.8282800000000
42.3846700000000
52.2846700000000
30.8043000000000
53.6589600000000
40.4828900000000
10.9743700000000
57.7239800000000
174.753050000000
227.831850000000
51.4127900000000
38.2621900000000
53.2708700000000
122.981950000000
106.216420000000
22.8141400000000
54.0093400000000
46.1468100000000
59.3617100000000
68.6977800000000
68.6977800000000
38.6862000000000
38.6862000000000
38.6862000000000
38.6862000000000
41.1416100000000
6.93230000000000
49.4897600000000
60.7195900000000
41.8179300000000
58.1091300000000
60.9825700000000
130.098270000000
101.919200000000
37.7111600000000
57.5209000000000
63.0034100000000
59.6413600000000
115.624480000000
115.690850000000
51.8176200000000
61.2983200000000
93.1315900000000
49.4055100000000
24.6641900000000
39.5433400000000
84.0413200000000
30.3619300000000
35.0787500000000
109.880500000000
39.6202400000000
80.0459300000000
41.0695200000000
37.0359000000000
75.4598700000000
67.9578500000000
58.5547900000000
93.3007200000000
20.6370800000000
33.3511300000000
67.3642500000000
57.5107700000000
22.9329600000000
34.1181300000000
31.9174800000000
57.4734900000000
57.7486900000000
46.3426100000000
45.3612500000000
61.9113800000000
36.4921100000000
76.7708900000000
44.5956000000000
51.9285300000000
107.969060000000
104.616730000000
118.635400000000
38.7121500000000
35.6495900000000
52.9456500000000
15.8612400000000
55.3768900000000
44.8289800000000
30.3799000000000
46.6808200000000
24.5941900000000
52.5591600000000
206.944620000000
50.4301100000000
42.2555000000000
85.3673600000000
102.171020000000
58.9056400000000
50.9227200000000
40.3128500000000
66.3160200000000
114.414960000000
58.4023200000000
46.2317300000000
62.3387500000000
6.74250000000000
59.4686000000000
99.5602100000000
52.1471800000000
56.0705600000000
61.3900000000000
97.5136900000000
30.2310100000000
62.7934300000000
48.1898600000000
48.1895100000000
36.8404000000000
40.7305000000000
44.5592600000000
26.4710700000000
11.2348500000000
166.370290000000
7.47622000000000
42.0155900000000
66.7336700000000
100.920400000000
46.9271500000000
11.2037600000000
73.8048800000000
80.5093100000000
46.4876500000000
46.0571100000000
51.3103800000000
35.4455600000000
22.5954900000000
52.7758800000000
50.4543700000000
62.2064400000000
43.4302100000000
36.9235500000000
38.7132900000000
56.0388900000000
56.7842100000000
40.0016300000000
14.4319700000000
12.3800200000000
39.3480800000000
39.3009300000000
16.3504700000000
59.3696400000000
47.9227900000000
33.9865200000000
71.6121500000000
61.5796400000000
25.1937300000000
124.140000000000
50.8354400000000
80.0780200000000
56.2956700000000
34.6029900000000
36.3305200000000
56.7410400000000
44.7299300000000
51.3859700000000
46.0214900000000
35.5721300000000
62.4081600000000
39.7390300000000
34.8004500000000
64.7095300000000
35.5621700000000
48.9914900000000
40.8379300000000
36.6742700000000
39.3235700000000
131.599940000000
34.2376700000000
37.5074000000000
51.7193300000000
48.1882600000000
24.8102900000000
77.8652900000000
72.5649700000000
19.8093800000000
62.7904700000000
50.8881600000000
38.5016300000000
42.5416000000000
86.8689000000000
44.1879500000000
102.975110000000
66.1275600000000
29.7468000000000
39.1488600000000
79.8235900000000
72.3881700000000
30.1314500000000
47.1616400000000
41.7656000000000
58.7113700000000
130.165490000000
57.2491500000000
41.3486600000000
24.8952800000000
42.7298100000000
85.8782300000000
39.7901900000000
71.1236700000000
50.1258000000000
44.1154400000000
41.0012300000000
100.546490000000
37.1857500000000
39.7487400000000
41.8837900000000
38.2248400000000
21.7264400000000
50.6148600000000
13.9425800000000
33.8470200000000
40.0532000000000
55.1253700000000
78.2527800000000
201.829940000000
95.5277900000000
95.0300000000000
31.1085500000000
56.0212100000000
51.8087500000000
52.5942700000000
29.1936600000000
50.8435100000000
56.8210300000000
55.8730200000000
25.1871400000000
27.4925700000000
34.7679200000000
41.0415200000000
85.6934100000000
44.6164500000000
77.2409600000000
15.0209700000000
17.0373100000000
55.9873400000000
259.160820000000
65.2918700000000
47.0471500000000
4.50053000000000
44.8075500000000
27.1159300000000
75.0286200000000
15.3071600000000
124.330610000000
43.4150100000000
33.8865400000000
63.1110500000000
36.8623700000000
22.0677600000000
50.6507200000000
61.0672900000000
92.6743900000000
62.9785100000000
29.4954900000000
257.416990000000
32.6932800000000
36.6156200000000
45.4417000000000
38.1651300000000
31.1837300000000
52.7570600000000
48.1429600000000
17.1664700000000
74.3752900000000
19.4842500000000
62.4776500000000
105.692170000000
65.2374900000000
45.1929300000000
195.202040000000
31.0216700000000
69.7230800000000
83.6440700000000
66.1245200000000
102.715650000000
44.0194200000000
63.0876900000000
88.5431600000000
52.2179300000000
53.6858900000000
101.659740000000
214.604850000000
20.2483700000000
8.59285000000000
42.8146300000000
65.2626900000000
19.1144100000000
35.7197200000000
38.3316200000000
54.1885400000000
42.0662800000000
39.7856300000000
26.9079200000000
34.3502100000000
78.1833600000000
37.6476400000000
38.8831000000000
34.4645400000000
47.4818200000000
54.5552900000000
43.2862700000000
18.4058000000000
26.1954300000000
68.1413700000000
52.4290500000000
50.7581300000000
51.8221800000000
45.5146300000000
38.7077200000000
44.3814400000000
36.4192300000000
35.9721200000000
118.833900000000
123.016840000000
83.4594100000000
34.7646800000000
58.4815400000000
64.5098900000000
62.0660200000000
214.848850000000
38.5813800000000
35.1235200000000
56.5293600000000
48.4539200000000
50.3894600000000
62.2061200000000
77.3853400000000
32.8227600000000
73.6933400000000
37.1183100000000
53.5427400000000
42.8207900000000
33.0548100000000
42.8918300000000
80.6850500000000
20.9449300000000
37.0869700000000
58.5270600000000
27.7841700000000
43.5955300000000
35.5457700000000
60.8725900000000
148.903580000000
41.3948000000000
40.7337100000000
89.3196400000000
41.4644500000000
48.9173500000000
77.9455800000000
56.5941600000000
119.922030000000
71.6666500000000
13.4610000000000
83.4370400000000
62.8604900000000
47.5547800000000
36.2334200000000
49.0179300000000
114.827140000000
49.6265300000000
41.5815500000000
18.7927600000000
49.1249800000000
55.2243800000000
35.5587900000000
71.8512700000000
59.7022600000000
53.9400200000000
103.332860000000
37.7185000000000
56.6921400000000
51.1927000000000
24.0585700000000
27.8134000000000
62.7734500000000
73.6117700000000
39.4647500000000
75.3924200000000
61.0352900000000
65.6095000000000
33.9337600000000
93.4162200000000
35.0318700000000
32.8135900000000
40.0685400000000
41.8664100000000
51.1877700000000
29.5562300000000
24.1193500000000
108.428340000000
18.6411800000000
110.057850000000
24.5104500000000
67.5560000000000
63.1102900000000
4.84797000000000
216.987700000000
27.9465500000000
41.7282500000000
27.3459400000000
26.0594300000000
54.4152300000000
58.0581300000000
40.2592700000000
49.4211500000000
53.4401600000000
46.5617200000000
39.5653900000000
68.3202000000000
101.744890000000
34.2068400000000
70.2161500000000
53.4753600000000
62.1339700000000
41.9067900000000
18.1346300000000
32.3646100000000
53.8107300000000
73.9408800000000
56.7229500000000
80.8418700000000
59.2677200000000
25.9668900000000
87.9651900000000
44.5455200000000
47.3712500000000
55.4656700000000
50.0816800000000
69.3817600000000
47.1656600000000
20.2347100000000
50.7748900000000
36.3719100000000
80.1508500000000
72.3496500000000
23.6709500000000
161.217210000000
41.6241900000000
37.2863700000000
86.3218300000000
55.1871800000000
77.2661200000000
44.4684900000000
136.919130000000
56.2365400000000
76.3620300000000
61.6026900000000
115.792350000000
55.2868600000000
45.2727800000000
47.0984100000000
12.7124600000000
34.6841700000000
64.4697300000000
64.5926800000000
114.450330000000
75.1498900000000
20.5865800000000
40.0540700000000
23.5414700000000
56.3932800000000
56.5842300000000
37.2083700000000
30.6828100000000
57.8050700000000
53.7081200000000
18.5553500000000
133.329760000000
27.7688000000000
55.1947800000000
84.7748000000000
66.4208900000000
75.4907900000000
63.5072300000000
130.063560000000
36.4786900000000
68.5906500000000
31.9683600000000
56.1772800000000
51.8279600000000
68.5595800000000
43.5159200000000
41.8909500000000
24.9930200000000
38.7059700000000
44.9087500000000
52.0441600000000
61.8972900000000
46.9001800000000
26.7313300000000
28.4473700000000
53.5270500000000
53.9223500000000
34.3061400000000
68.0933300000000
35.0320700000000
74.0220000000000
26.2565300000000
57.7014400000000
39.9788800000000
50.5235900000000
41.7649500000000
121.063160000000
93.1190400000000
87.5291400000000
39.6345800000000
27.6892000000000
61.7270600000000
47.8558200000000
52.1274300000000
65.2817500000000
55.3845500000000
54.4134400000000
61.3337400000000
59.4929300000000
62.2059300000000
55.0128300000000
37.4997200000000
49.7399100000000
7.75937000000000
48.2786800000000
77.7648300000000
10.8753400000000
6.68769000000000
42.8683000000000
70.2286900000000
56.1470500000000
250.350910000000
94.8682300000000
9.78778000000000
79.1399700000000
51.7948400000000
36.2391200000000
23.0601800000000
98.7018600000000
16.9312600000000
37.2304000000000
138.012850000000
40.1995800000000
71.0681900000000
42.6393800000000
44.8808700000000
50.9180600000000
17.2064800000000
75.4547100000000
20.8791000000000
61.6563100000000
24.5367800000000
28.2609700000000
27.3395200000000
29.9910200000000
21.6145800000000
25.1904200000000
37.9600000000000
38.2200000000000
31.5860400000000
40.9026600000000
47.8482100000000
65.9892600000000
39.6170900000000
187.131070000000
29.1580800000000
69.5242000000000
33.5137400000000
32.0921500000000
65.5649500000000
31.3261300000000
29.9581800000000
33.7546000000000
31.6980200000000
29.6322600000000
73.1798100000000
54.5099500000000
51.0315500000000
77.5649200000000
45.8587200000000
136.052760000000
25.4835700000000
22.0106800000000
11.3120000000000
71.3835700000000
63.2973800000000
44.1872000000000
15.5359300000000
174.969860000000
25.2616400000000
32.9176500000000
129.753930000000
34.6419500000000
35.6927900000000
99.7717100000000
71.0176500000000
46.2464100000000
68.3656600000000
61.6585400000000
32.0193600000000
55.2029200000000
66.5070300000000
115.633300000000
21.2804000000000
37.8561800000000
62.4459200000000
38.5999400000000
75.0763000000000
55.8145000000000
61.2685200000000
43.7984100000000
73.6486000000000
72.2271400000000
30.0574900000000
62.1506700000000
47.7107500000000
41.7138000000000
37.0693700000000
61.3335500000000
36.6681500000000
77.3519400000000
64.9752300000000
19.9729300000000
84.7151500000000
38.6510800000000
38.1690200000000
33.3236200000000
49.3496600000000
48.5937200000000
39.3532800000000
17.0202200000000
67.1995100000000
17.5067600000000
18.9322900000000
28.2577700000000
62.1418100000000
12.9209400000000
69.6386400000000
53.5043800000000
124.575700000000
40.7069100000000
32.3385000000000
14.1276500000000
46.9821600000000
67.0350500000000
32.8397500000000
57.6830400000000
39.7242100000000
34.0903500000000
34.7546100000000
45.3170400000000
119.548840000000
36.7144000000000
47.8506400000000
238.099440000000
9.57909000000000
36.7673200000000
22.5675000000000
51.3294600000000
21.5721900000000
7.53367000000000